0.11654 1.00667
-0.0378983 -1.05873
0.0728928 -1.16516
0.292066 -0.820894
-0.86196 0.133582
0.19851 0.842948
0.342421 0.935385
0.811865 -0.60317
-0.926678 -0.371136
0.697659 0.634091
-0.156632 -1.00605
0.92287 0.666757
0.644111 0.679401
-0.206576 0.828057
-0.240037 0.885258
-0.887292 0.405029
-0.37472 -0.895837
0.938187 0.274721
0.414687 0.91706
-0.77961 0.873299
-0.684378 -0.709217
-1.10813 0.150351
0.804783 0.548512
-0.782602 0.43508
1.04976 -0.129691
0.702474 0.85796
-0.830324 0.677255
0.813042 0.242703
-1.11825 0.00777089
0.896712 0.244121
0.0461645 0.925715
-0.726012 -0.526057
-0.854028 -0.313351
-0.427579 -1.00146
0.406692 0.872317
-0.412224 -0.95571
0.948465 -0.215393
0.622013 -0.449088
-0.755175 -0.735267
0.335867 -0.937761
-0.0371479 1.0007
-0.0604028 1.10117
0.577466 0.78716
-0.757151 0.62655
-0.728066 -0.60388
-0.4172 -0.854527
0.908551 0.509809
0.173269 -0.979039
1.06088 -0.1286
-0.491092 0.744134
-0.87226 -0.721007
-0.0924657 -1.01787
0.891993 -0.223835
0.817328 0.00128128
-0.867934 -0.753868
-0.982096 -0.186612
-1.03427 -0.568253
1.0159 0.152115
-0.32539 1.01591
0.823447 -0.319392
-1.01547 -0.248819
0.767533 0.398031
-0.901188 0.262391
0.666448 0.609466
-0.193589 0.93392
-0.0275008 0.919004
-0.123272 -0.823873
-1.09554 -0.00244149
1.10646 -0.142273
-0.443309 -0.954841
0.1296 -1.00288
-0.48826 -0.901169
0.549936 0.902797
0.800416 0.659301
1.04184 -0.0968777
-0.421853 -0.907132
-0.435735 -1.13415
1.11161 0.547956
0.158213 0.857454
0.360379 0.932681
-0.836014 0.475447
0.349099 0.897884
-0.370038 0.81511
0.980927 -0.432218
-1.01372 -0.09421
-0.554015 -0.716186
-0.098966 1.03241
-0.547978 -0.992392
0.386341 0.882825
-0.649766 -0.76332
-0.505358 0.90983
0.147029 -1.08251
0.963536 0.0743627
-0.0745681 -0.890292
-0.811239 -0.788889
0.902945 0.212587
-0.594726 0.874144
-0.94977 -0.191172
0.504256 -0.885836
0.93526 -0.0180505
0.59967 -0.860582
-0.907307 -0.0512367
-1.04341 0.121656
-0.590359 0.9862
0.425968 -0.832894
-0.247644 -0.977122
1.10428 0.325892
-0.830167 0.332729
-0.128972 0.747381
-1.19102 0.0263431
0.822582 -0.544735
0.462779 -1.05934
0.879487 0.310317
-0.179806 0.906569
-0.92017 -0.394786
-0.383703 0.983182
-0.865519 -0.673858
-0.526576 -0.893943
0.930734 0.44617
-0.414159 -0.95534
0.900467 -0.380062
0.724131 -0.615925
0.104031 -0.950253
0.225559 1.09066
0.353402 -1.03622
0.989911 -0.0214404
-0.766154 0.588266
0.504817 -0.873781
-0.426559 -0.715094
-1.07165 -0.0266366
-1.00307 0.274144
-0.440964 -0.660418
0.707702 0.674812
-0.816336 0.887609
-0.22733 -0.893127
0.871574 0.488134
0.92656 -0.637383
-0.652962 0.911015
0.013422 -0.922205
-0.447948 -0.858694
0.538408 -0.945576
0.906165 -0.293338
0.628357 -0.753675
0.787889 -0.181437
0.646074 -0.773141
0.746261 0.290864
-0.482094 0.703589
0.633503 -0.504425
0.814897 -0.16077
-0.463689 0.871402
0.751987 0.541182
0.649566 -0.6795
0.343687 1.07651
-0.911186 -0.332858
-0.719851 0.836386
0.121372 -1.0908
0.817054 -0.702376
-1.05233 -0.0188064
1.09069 0.137116
0.0998065 0.921833
0.907831 -0.733478
0.142843 0.980619
0.738442 0.467377
-0.467043 0.852915
0.580809 -0.562967
-0.779741 0.595589
0.800349 0.652989
0.511851 -0.986107
0.885754 0.440498
-0.315688 -0.983095
0.934359 0.0406822
-0.0869053 -0.92461
-0.0706748 -1.01168
-0.712975 0.421549
-0.991848 -0.111888
-0.909403 0.377752
-0.832116 -0.275123
0.709721 -0.751242
0.185782 0.919214
0.562557 0.865754
0.918574 -0.873764
-0.415772 0.912898
-0.0750567 -1.03608
-0.633511 -0.738013
-0.72099 -0.920973
0.941986 -0.0911267
0.687505 0.879846
0.493595 1.1236
0.584293 -0.944179
-0.118389 0.9188
0.76232 -0.59722
-0.65528 -0.877924
-0.276042 0.979207
0.882064 0.395115
-0.578883 0.979867
-0.826653 -0.205277
-0.473727 0.878158
-0.83335 0.663348
-0.973903 -0.167177
-0.715107 -0.411336
0.346541 2.9934
-0.109444 -3.05745
0.197769 -3.16126
0.962479 -2.70518
-2.83837 0.439874
0.65696 2.78969
1.02995 2.8135
2.41729 -1.79591
-2.78331 -1.11472
2.17769 1.97927
-0.464305 -2.98224
2.54403 1.83802
2.02013 2.13081
-0.690681 2.76858
-0.763435 2.81556
-2.7067 1.23555
-1.1465 -2.74093
2.85759 0.836764
1.23874 2.73941
-2.11153 2.36528
-2.07316 -2.14841
-3.08997 0.419248
2.45743 1.6749
-2.53063 1.40688
3.03467 -0.374914
1.9695 2.40543
-2.38016 1.94138
2.72948 0.814783
-3.1182 0.0216689
2.82648 0.769481
0.145779 2.92323
-2.34555 -1.69955
-2.73163 -1.00226
-1.21291 -2.84082
1.2518 2.68499
-1.20434 -2.79216
2.89881 -0.658309
2.24355 -1.61982
-2.18815 -2.13047
1.01024 -2.82064
-0.111341 2.99932
-0.169945 3.09817
1.76048 2.39976
-2.298 1.90161
-2.26746 -1.8807
-1.29466 -2.65177
2.65273 1.48851
0.52181 -2.94844
3.04635 -0.369277
-1.59272 2.41339
-2.4138 -1.99524
-0.273406 -3.00967
2.83185 -0.71062
2.81733 0.00441656
-2.37788 -2.06538
-2.94694 -0.55996
-2.78712 -1.53132
2.99385 0.448282
-0.93545 2.92059
2.6881 -1.04264
-2.958 -0.724797
2.54299 1.31876
-2.82145 0.821497
2.14235 1.95917
-0.599532 2.89229
-0.0873232 2.91811
-0.419226 -2.80185
-3.09553 -0.00689864
3.09013 -0.397341
-1.28552 -2.76887
0.385924 -2.98639
-1.44102 -2.65965
1.59039 2.61085
2.34415 1.93087
3.03325 -0.282053
-1.2652 -2.72063
-1.15301 -3.0011
2.90551 1.43223
0.521116 2.82425
1.08122 2.79826
-2.57453 1.46416
1.07385 2.76195
-1.19678 2.63624
2.81114 -1.23865
-3.00514 -0.279283
-1.77774 -2.29812
-0.28981 3.02328
-1.51474 -2.74321
1.18816 2.71506
-1.94616 -2.28627
-1.47649 2.65823
0.416202 -3.06432
2.95761 0.228259
-0.241497 -2.88331
-2.24507 -2.18321
2.84972 0.670929
-1.71974 2.52773
-2.91045 -0.58582
1.49367 -2.62396
2.93489 -0.0566432
1.74309 -2.50149
-2.90413 -0.163999
-3.02996 0.353276
-1.61761 2.70223
1.33664 -2.61353
-0.738994 -2.91583
3.0225 0.891987
-2.68661 1.07679
-0.469075 2.71825
-3.19053 0.0705685
2.49009 -1.649
1.26343 -2.89208
2.76553 0.975787
-0.5689 2.86835
-2.75815 -1.18335
-1.11082 2.84632
-2.44363 -1.90251
-1.54166 -2.6172
2.73422 1.31071
-1.20966 -2.79033
2.74307 -1.15777
2.24758 -1.91173
0.321685 -2.93837
0.630606 3.04922
0.99899 -2.92915
2.98944 -0.064748
-2.35249 1.80628
1.50532 -2.60554
-1.45114 -2.43272
-3.07103 -0.0763328
-2.93231 0.801419
-1.55156 -2.32372
2.15515 2.05499
-2.17021 2.35969
-0.720666 -2.83133
2.61654 1.46542
2.57433 -1.77089
-1.81808 2.53659
0.0425273 -2.92199
-1.37297 -2.63192
1.52802 -2.68358
2.80895 -0.909295
1.90908 -2.28982
2.73688 -0.630257
1.92854 -2.30784
2.60972 1.01717
-1.61257 2.35345
2.1981 -1.75023
2.77707 -0.547886
-1.4032 2.637
2.37531 1.70944
2.03158 -2.1252
0.95196 2.98177
-2.78977 -1.01911
-2.02451 2.35226
0.342545 -3.07853
2.33369 -2.00614
-3.05202 -0.054543
3.07507 0.386584
0.315088 2.91021
2.46352 -1.99039
0.431132 2.95973
2.42839 1.53699
-1.42763 2.60713
2.01691 -1.95495
-2.36913 1.80961
2.35001 1.91733
1.43325 -2.76122
2.67653 1.33108
-0.927167 -2.88733
2.93247 0.12768
-0.274063 -2.91583
-0.210052 -3.00682
-2.43457 1.43945
-2.97924 -0.33608
-2.7564 1.14496
-2.73102 -0.902958
2.08319 -2.20506
0.58199 2.87958
1.65228 2.5428
2.36769 -2.25219
-1.24473 2.73302
-0.219564 -3.03085
-1.93619 -2.25558
-1.95385 -2.49579
2.93269 -0.283706
1.91893 2.45579
1.298 2.9547
1.63674 -2.64487
-0.373979 2.9024
2.33671 -1.83063
-1.85158 -2.48069
-0.8187 2.90418
2.70731 1.21272
-1.59617 2.70182
-2.7677 -0.687284
-1.42328 2.63837
-2.39814 1.90892
-2.94507 -0.505543
-2.44876 -1.40855
-2.71687 -1.10644
-2.96266 -0.538738
-2.74196 -0.967713
2.75829 -0.920231
1.79844 -2.44212
0.864876 -2.90556
2.96767 0.72741
-1.47278 -2.74746
-2.11719 -2.35218
-0.792616 -2.95754
-0.0262112 -2.93961
-2.32519 1.72328
-1.77628 -2.52265
-1.68309 2.25536
2.86433 0.490701
-2.28339 -2.14238
2.6381 -1.40038
-0.192261 2.96942
3.02423 0.51391
-0.879163 -2.95836
-2.14392 -2.25893
-3.00223 0.696689
1.03008 -2.66594
2.09157 -2.11177
2.109 2.14962
0.745423 2.74302
-3.10422 -0.265798
3.19275 -0.0205693
-1.18959 2.77366
-2.72399 1.28355
-1.86277 -2.0023
2.55866 -1.66805
-1.17563 -2.66131
-2.61083 1.57238
-0.887161 -2.92275
0.0309192 -3.11095
-2.23138 -2.01122
0.286879 3.07074
1.07177 2.77485
1.97515 2.3908
2.53836 1.67061
2.61448 1.47222
2.22028 -2.08416
-2.95265 -0.916584
-2.77272 -1.17804
2.8312 0.743137
0.992439 -2.66604
-3.19571 0.107182
2.68994 0.677194
1.96503 2.23945
2.44097 1.78007
-1.49021 2.56811
-2.2496 -1.99588
-2.68855 -1.28522
-0.548361 3.01841
1.54173 2.52866
-2.51762 -1.38602
-1.95921 -2.26132
-1.087 2.78234
-2.78265 -1.41467
3.12685 -0.258296
0.185922 -3.09185
0.64262 -2.90669
-2.76109 0.307691
3.08012 -0.576697
2.88388 -0.376627
1.04003 2.8465
-0.503679 -2.81146
2.02012 2.19746
2.06702 -2.38551
-2.81191 0.491654
2.69001 1.29857
-0.155584 -2.98828
2.92791 1.02238
2.43066 1.60939
2.42826 1.76536
2.83231 -0.668756
-3.07804 -0.195058
2.62855 1.49634
-0.0131937 -3.0251
2.92912 -0.761537
2.68282 1.58194
1.28934 -2.79057
-1.91703 -2.21861
-1.67718 2.20693
-0.480587 2.87585
1.59851 2.79657
2.32798 -1.75351
-2.7769 -0.167512
2.84045 -0.422416
0.145295 2.91171
2.81745 1.20435
-2.90234 0.739791
-0.778321 2.84978
1.34333 2.66032
-2.72733 -0.746522
1.16639 2.77879
-0.550201 -3.01728
3.08267 -0.441783
0.768396 -2.87115
-2.19241 1.94191
-2.85829 1.11152
1.17746 2.65106
-2.16058 -1.80141
-0.364372 2.96059
2.68712 1.61222
1.4352 -2.6784
1.77793 -2.38941
-1.79401 -2.45697
2.43089 -1.32917
-1.80915 2.45942
2.97349 -0.506402
2.2789 1.9735
-0.859363 2.83111
-3.0282 0.736245
2.27418 1.95543
-0.183178 -2.97802
1.30463 2.74033
-0.213546 -2.96674
1.43434 -2.83924
-2.89983 1.10812
-2.46352 1.4014
2.42045 -1.67671
2.56224 -1.74053
-2.82138 -0.793467
-0.0425048 -3.05493
-2.62559 -1.7817
2.88062 1.19477
2.35092 1.92389
3.14605 -0.0468874
-2.65971 1.18479
-2.81306 0.981171
-1.92652 2.61544
1.81564 -2.42971
-3.04334 0.406124
-1.55715 2.58591
0.914284 2.78144
0.685025 2.8666
-3.07373 1.03603
2.16032 -2.077
-1.71711 2.50338
0.544837 -2.88322
-2.32079 -1.81292
1.38451 2.52227
3.04486 -0.451081
-1.31886 2.65718
2.9026 0.974859
3.01226 0.346414
3.00798 0.132213
2.37585 -1.78925
0.576542 4.98013
-0.18099 -5.05617
0.322645 -5.15736
1.63289 -4.58947
-4.81477 0.746166
1.11541 4.73644
1.71748 4.69161
4.02271 -2.98864
-4.63994 -1.8583
3.65772 3.32445
-0.771978 -4.95844
4.16519 3.00927
3.39614 3.58221
-1.17479 4.70911
-1.28683 4.74586
-4.52611 2.06607
-1.91829 -4.58601
4.77699 1.39881
2.06279 4.56175
-3.44344 3.85725
-3.46195 -3.5876
-5.07181 0.688145
4.11008 2.80129
-4.27866 2.37868
5.01958 -0.620137
3.23652 3.95289
-3.92999 3.2055
4.64591 1.38686
-5.11815 0.0355668
4.75624 1.29484
0.245393 4.92075
-3.96509 -2.87305
-4.60924 -1.69117
-1.99824 -4.68019
2.09691 4.49767
-1.99645 -4.62861
4.84915 -1.10123
3.86509 -2.79056
-3.62113 -3.52567
1.6846 -4.70352
-0.185534 4.99794
-0.279486 5.09517
2.9435 4.01236
-3.83885 3.17668
-3.80685 -3.15752
-2.17211 -4.44901
4.39691 2.4672
0.870351 -4.91783
5.03181 -0.609954
-2.69435 4.08265
-3.95534 -3.26947
-0.454346 -5.00146
4.7717 -1.1974
4.81732 0.00755184
-3.88783 -3.37688
-4.91178 -0.933308
-4.53998 -2.49438
4.9718 0.744448
-1.54551 4.82528
4.55275 -1.76588
-4.90054 -1.20077
4.31846 2.23948
-4.74171 1.3806
3.61825 3.30888
-1.00547 4.85066
-0.147146 4.91721
-0.71518 -4.77984
-5.09553 -0.0113558
5.0738 -0.652408
-2.12772 -4.58289
0.642249 -4.96989
-2.39377 -4.41813
2.63085 4.31891
3.88788 3.20244
5.02466 -0.467228
-2.10855 -4.53412
-1.87029 -4.86805
4.6994 2.31651
0.884019 4.79105
1.80206 4.66384
-4.31306 2.45286
1.7986 4.62601
-2.02352 4.45736
4.64135 -2.04508
-4.99655 -0.464356
-3.00146 -3.88004
-0.480654 5.01416
-2.48151 -4.49403
1.98998 4.54729
-3.24255 -3.80922
-2.44763 4.40663
0.685374 -5.04612
4.95168 0.382155
-0.408427 -4.87633
-3.67889 -3.57754
4.79649 1.12927
-2.84476 4.18131
-4.87112 -0.980469
2.48308 -4.36208
4.93452 -0.0952359
2.88651 -4.14241
-4.90094 -0.276762
-5.0165 0.584895
-2.64486 4.41826
2.24732 -4.39417
-1.23034 -4.85453
4.94071 1.45808
-4.54305 1.82084
-0.809178 4.68912
-5.19004 0.114794
4.1576 -2.75327
2.06408 -4.72483
4.65157 1.64126
-0.957995 4.83014
-4.59613 -1.97191
-1.83794 4.70946
-4.02173 -3.13116
-2.55674 -4.34045
4.53771 2.17526
-2.00517 -4.62531
4.58566 -1.93548
3.77103 -3.20753
0.539339 -4.9265
1.03565 5.00777
1.64458 -4.82209
4.98897 -0.108056
-3.93882 3.02429
2.50582 -4.3373
-2.47571 -4.15035
-5.07041 -0.126029
-4.86155 1.32869
-2.66215 -3.98703
3.6026 3.43517
-3.52409 3.83177
-1.214 -4.76953
4.36151 2.44271
4.22211 -2.9044
-2.9832 4.16217
0.0716327 -4.92178
-2.298 -4.40515
2.51764 -4.42159
4.71174 -1.52525
3.1898 -3.82597
4.68587 -1.07908
3.211 -3.84253
4.47318 1.74347
-2.74304 4.00331
3.7627 -2.99604
4.73925 -0.935001
-2.3427 4.40259
3.99863 2.8777
3.41359 -3.5709
1.56023 4.88702
-4.66835 -1.70536
-3.32917 3.86812
0.563717 -5.06627
3.85033 -3.30991
-5.0517 -0.0902796
5.05945 0.636052
0.530369 4.89859
4.01921 -3.2473
0.719422 4.93884
4.11834 2.6066
-2.38821 4.36135
3.45301 -3.34693
-3.95852 3.02363
3.89967 3.18167
2.35464 -4.53634
4.4673 2.22165
-1.53865 -4.79156
4.93057 0.214678
-0.461221 -4.90706
-0.34943 -5.00196
-4.15616 2.45734
-4.96664 -0.560273
-4.60339 1.91218
-4.62992 -1.53079
3.45665 -3.65888
0.978197 4.83994
2.74201 4.21985
3.81681 -3.63062
-2.07369 4.55313
-0.364072 -5.02562
-3.23888 -3.77315
-3.18671 -4.07061
4.9234 -0.476284
3.15036 4.03173
2.1024 4.7858
2.68919 -4.34556
-0.629568 4.886
3.91109 -3.06404
-3.04788 -4.08346
-1.36136 4.82915
4.53255 2.03033
-2.61346 4.42377
-4.70875 -1.16929
-2.37284 4.39858
-3.96292 3.15449
-4.91624 -0.843908
-4.18242 -2.40576
-4.56916 -1.86078
-4.93039 -0.896556
-4.62795 -1.63333
4.65549 -1.55318
2.9844 -4.05256
1.43546 -4.82244
4.91017 1.20354
-2.41769 -4.51017
-3.45519 -3.83869
-1.31034 -4.88937
-0.0440437 -4.93953
-3.932 2.91415
-2.92774 -4.15793
-2.87925 3.85823
4.83561 0.828411
-3.74192 -3.51084
4.40464 -2.33811
-0.321484 4.96524
4.99596 0.848969
-1.4489 -4.87549
-3.52072 -3.70959
-4.95046 1.14879
1.75091 -4.53152
3.49897 -3.53276
3.50965 3.57726
1.26991 4.67302
-5.09693 -0.436423
5.19271 -0.0334541
-1.97792 4.61174
-4.5332 2.13605
-3.22504 -3.46661
4.23408 -2.76028
-1.98378 -4.49076
-4.32411 2.60421
-1.46806 -4.83653
0.0507959 -5.11085
-3.71699 -3.35024
0.472916 5.06207
1.79238 4.64051
3.24897 3.93267
4.209 2.77013
4.35718 2.45354
3.67848 -3.45296
-4.86273 -1.50953
-4.61347 -1.96011
4.76567 1.2509
1.69017 -4.54039
-5.19459 0.174223
4.62942 1.16546
3.28413 3.74277
4.05693 2.9585
-2.494 4.29796
-3.74566 -3.32321
-4.49297 -2.1478
-0.905854 4.9862
2.58288 4.2363
-4.26966 -2.35056
-3.26884 -3.7729
-1.81479 4.64522
-4.56548 -2.32105
5.12006 -0.422947
0.305972 -5.08824
1.07436 -4.85953
-4.74878 0.529197
5.04596 -0.944766
4.86704 -0.635622
1.7264 4.72504
-0.856368 -4.78012
3.37368 3.66983
3.37673 -3.89701
-4.78202 0.836123
4.49112 2.16804
-0.259572 -4.98558
4.81611 1.68171
4.09825 2.71354
4.04593 2.94143
4.77879 -1.12835
-5.07403 -0.321546
4.36665 2.48578
-0.0219164 -5.02508
4.86477 -1.26478
4.40562 2.5978
2.1282 -4.60615
-3.22464 -3.73194
-2.8873 3.79928
-0.810238 4.8485
2.591 4.53293
3.92549 -2.95682
-4.77327 -0.287939
4.8187 -0.71661
0.244971 4.90923
4.65648 1.99047
-4.84037 1.23379
-1.30525 4.77911
2.24482 4.44562
-4.65637 -1.27454
1.94046 4.62292
-0.908984 -4.98484
5.06244 -0.725508
1.28545 -4.80315
-3.68957 3.268
-4.72231 1.83639
1.98928 4.47888
-3.69669 -3.08217
-0.608677 4.94561
4.40212 2.64119
2.37982 -4.44126
2.97185 -3.99395
-2.97341 -4.07222
4.1857 -2.28867
-2.99425 4.07049
4.9451 -0.842178
3.79079 3.28277
-1.44028 4.74488
-4.97158 1.20874
3.79066 3.25937
-0.305966 -4.97425
2.16435 4.54612
-0.357135 -4.96158
2.33617 -4.62438
-4.76807 1.82204
-4.20193 2.39031
4.06451 -2.8156
4.21663 -2.86436
-4.74669 -1.33493
-0.0703292 -5.05474
-4.28053 -2.90472
4.72802 1.96101
3.8987 3.19053
5.14583 -0.0766912
-4.48665 1.99861
-4.70149 1.63984
-3.11266 4.22575
3.01284 -4.03181
-5.02576 0.670673
-2.58888 4.29925
1.53883 4.68143
1.14987 4.81183
-4.96896 1.67484
3.60206 -3.46314
-2.84839 4.15269
0.916201 -4.84844
-3.8969 -3.04413
2.34688 4.27551
5.02327 -0.744173
-2.20803 4.44865
4.79853 1.61162
4.99917 0.574911
5.00606 0.220036
3.97347 -2.99241

