0.41 0.56
0.42 0.57
0.4 0.57
0.4 0.55
0.42 0.55
0.44 0.54
0.45 0.55
0.43 0.55
0.43 0.53
0.45 0.53
0.46 0.53
0.47 0.54
0.45 0.54
0.45 0.52
0.47 0.52
0.53 0.52
0.54 0.53
0.52 0.53
0.52 0.51
0.54 0.51
0.59 0.52
0.6 0.53
0.58 0.53
0.58 0.51
0.6 0.51
0.53 0.52
0.54 0.53
0.52 0.53
0.52 0.51
0.54 0.51
0.66 0.53
0.67 0.54
0.65 0.54
0.65 0.52
0.67 0.52
0.66 0.53
0.67 0.54
0.65 0.54
0.65 0.52
0.67 0.52
0.7 0.54
0.71 0.55
0.69 0.55
0.69 0.53
0.71 0.53
0.71 0.56
0.72 0.57
0.7 0.57
0.7 0.55
0.72 0.55
0.72 0.59
0.73 0.6
0.71 0.6
0.71 0.58
0.73 0.58
0.76 0.64
0.77 0.65
0.75 0.65
0.75 0.63
0.77 0.63
0.76 0.66
0.77 0.67
0.75 0.67
0.75 0.65
0.77 0.65
0.78 0.71
0.79 0.72
0.77 0.72
0.77 0.7
0.79 0.7
0.8 0.81
0.81 0.82
0.79 0.82
0.79 0.8
0.81 0.8
0.8 0.76
0.81 0.77
0.79 0.77
0.79 0.75
0.81 0.75
0.81 0.79
0.82 0.8
0.8 0.8
0.8 0.78
0.82 0.78
0.81 0.83
0.82 0.84
0.8 0.84
0.8 0.82
0.82 0.82
0.82 0.88
0.83 0.89
0.81 0.89
0.81 0.87
0.83 0.87
0.82 0.89
0.83 0.9
0.81 0.9
0.81 0.88
0.83 0.88
0.82 0.94
0.83 0.95
0.81 0.95
0.81 0.93
0.83 0.93
0.82 0.98
0.83 0.99
0.81 0.99
0.81 0.97
0.83 0.97
0.82 1.03
0.83 1.04
0.81 1.04
0.81 1.02
0.83 1.02
0.82 1.09
0.83 1.1
0.81 1.1
0.81 1.08
0.83 1.08
0.81 1.13
0.82 1.14
0.8 1.14
0.8 1.12
0.82 1.12
0.8 1.14
0.81 1.15
0.79 1.15
0.79 1.13
0.81 1.13
0.8 1.19
0.81 1.2
0.79 1.2
0.79 1.18
0.81 1.18
0.79 1.23
0.8 1.24
0.78 1.24
0.78 1.22
0.8 1.22
0.79 1.26
0.8 1.27
0.78 1.27
0.78 1.25
0.8 1.25
0.79 1.28
0.8 1.29
0.78 1.29
0.78 1.27
0.8 1.27
0.79 1.34
0.8 1.35
0.78 1.35
0.78 1.33
0.8 1.33
0.8 1.37
0.81 1.38
0.79 1.38
0.79 1.36
0.81 1.36
0.83 1.41
0.84 1.42
0.82 1.42
0.82 1.4
0.84 1.4
0.86 1.45
0.87 1.46
0.85 1.46
0.85 1.44
0.87 1.44
0.87 1.45
0.88 1.46
0.86 1.46
0.86 1.44
0.88 1.44
0.9 1.46
0.91 1.47
0.89 1.47
0.89 1.45
0.91 1.45
0.94 1.48
0.95 1.49
0.93 1.49
0.93 1.47
0.95 1.47
0.96 1.48
0.97 1.49
0.95 1.49
0.95 1.47
0.97 1.47
1.07 1.48
1.08 1.49
1.06 1.49
1.06 1.47
1.08 1.47
1.04 1.49
1.05 1.5
1.03 1.5
1.03 1.48
1.05 1.48
1.01 1.49
1.02 1.5
1.0 1.5
1.0 1.48
1.02 1.48
1.11 1.48
1.12 1.49
1.1 1.49
1.1 1.47
1.12 1.47
1.15 1.45
1.16 1.46
1.14 1.46
1.14 1.44
1.16 1.44
1.18 1.43
1.19 1.44
1.17 1.44
1.17 1.42
1.19 1.42
1.2 1.4
1.21 1.41
1.19 1.41
1.19 1.39
1.21 1.39
1.22 1.37
1.23 1.38
1.21 1.38
1.21 1.36
1.23 1.36
1.25 1.33
1.26 1.34
1.24 1.34
1.24 1.32
1.26 1.32
1.28 1.31
1.29 1.32
1.27 1.32
1.27 1.3
1.29 1.3
1.29 1.29
1.3 1.3
1.28 1.3
1.28 1.28
1.3 1.28
1.31 1.24
1.32 1.25
1.3 1.25
1.3 1.23
1.32 1.23
1.32 1.22
1.33 1.23
1.31 1.23
1.31 1.21
1.33 1.21
1.35 1.18
1.36 1.19
1.34 1.19
1.34 1.17
1.36 1.17
1.36 1.16
1.37 1.17
1.35 1.17
1.35 1.15
1.37 1.15
1.38 1.13
1.39 1.14
1.37 1.14
1.37 1.12
1.39 1.12
1.38 1.11
1.39 1.12
1.37 1.12
1.37 1.1
1.39 1.1
1.4 1.02
1.41 1.03
1.39 1.03
1.39 1.01
1.41 1.01
1.4 1.01
1.41 1.02
1.39 1.02
1.39 1.0
1.41 1.0
1.41 0.96
1.42 0.97
1.4 0.97
1.4 0.95
1.42 0.95
1.41 0.96
1.42 0.97
1.4 0.97
1.4 0.95
1.42 0.95
1.39 1.03
1.4 1.04
1.38 1.04
1.38 1.02
1.4 1.02
1.39 1.05
1.4 1.06
1.38 1.06
1.38 1.04
1.4 1.04
0.3 1.71
0.31 1.72
0.29 1.72
0.29 1.7
0.31 1.7
0.31 1.71
0.32 1.72
0.3 1.72
0.3 1.7
0.32 1.7
0.43 1.71
0.44 1.72
0.42 1.72
0.42 1.7
0.44 1.7
0.36 1.71
0.37 1.72
0.35 1.72
0.35 1.7
0.37 1.7
0.38 1.71
0.39 1.72
0.37 1.72
0.37 1.7
0.39 1.7
0.41 1.7
0.42 1.71
0.4 1.71
0.4 1.69
0.42 1.69
0.46 1.7
0.47 1.71
0.45 1.71
0.45 1.69
0.47 1.69
0.47 1.69
0.48 1.7
0.46 1.7
0.46 1.68
0.48 1.68
0.53 1.67
0.54 1.68
0.52 1.68
0.52 1.66
0.54 1.66
0.55 1.66
0.56 1.67
0.54 1.67
0.54 1.65
0.56 1.65
0.7 1.62
0.71 1.63
0.69 1.63
0.69 1.61
0.71 1.61
0.64 1.65
0.65 1.66
0.63 1.66
0.63 1.64
0.65 1.64
0.61 1.66
0.62 1.67
0.6 1.67
0.6 1.65
0.62 1.65
0.72 1.64
0.73 1.65
0.71 1.65
0.71 1.63
0.73 1.63
0.73 1.64
0.74 1.65
0.72 1.65
0.72 1.63
0.74 1.63
0.78 1.62
0.79 1.63
0.77 1.63
0.77 1.61
0.79 1.61
0.81 1.61
0.82 1.62
0.8 1.62
0.8 1.6
0.82 1.6
0.85 1.61
0.86 1.62
0.84 1.62
0.84 1.6
0.86 1.6
0.89 1.61
0.9 1.62
0.88 1.62
0.88 1.6
0.9 1.6
0.94 1.61
0.95 1.62
0.93 1.62
0.93 1.6
0.95 1.6
0.96 1.61
0.97 1.62
0.95 1.62
0.95 1.6
0.97 1.6
1.03 1.61
1.04 1.62
1.02 1.62
1.02 1.6
1.04 1.6
1.04 1.61
1.05 1.62
1.03 1.62
1.03 1.6
1.05 1.6
1.08 1.61
1.09 1.62
1.07 1.62
1.07 1.6
1.09 1.6
1.13 1.6
1.14 1.61
1.12 1.61
1.12 1.59
1.14 1.59
1.21 1.59
1.22 1.6
1.2 1.6
1.2 1.58
1.22 1.58
1.22 1.59
1.23 1.6
1.21 1.6
1.21 1.58
1.23 1.58
1.29 1.58
1.3 1.59
1.28 1.59
1.28 1.57
1.3 1.57
1.33 1.57
1.34 1.58
1.32 1.58
1.32 1.56
1.34 1.56
1.4 1.53
1.41 1.54
1.39 1.54
1.39 1.52
1.41 1.52
1.4 1.54
1.41 1.55
1.39 1.55
1.39 1.53
1.41 1.53
1.41 1.55
1.42 1.56
1.4 1.56
1.4 1.54
1.42 1.54
1.47 1.52
1.48 1.53
1.46 1.53
1.46 1.51
1.48 1.51
1.47 1.5
1.48 1.51
1.46 1.51
1.46 1.49
1.48 1.49
1.52 1.48
1.53 1.49
1.51 1.49
1.51 1.47
1.53 1.47
1.55 1.47
1.56 1.48
1.54 1.48
1.54 1.46
1.56 1.46
1.58 1.46
1.59 1.47
1.57 1.47
1.57 1.45
1.59 1.45
1.61 1.45
1.62 1.46
1.6 1.46
1.6 1.44
1.62 1.44
1.62 1.44
1.63 1.45
1.61 1.45
1.61 1.43
1.63 1.43
1.64 1.43
1.65 1.44
1.63 1.44
1.63 1.42
1.65 1.42
1.65 1.42
1.66 1.43
1.64 1.43
1.64 1.41
1.66 1.41
1.68 1.39
1.69 1.4
1.67 1.4
1.67 1.38
1.69 1.38
1.69 1.38
1.7 1.39
1.68 1.39
1.68 1.37
1.7 1.37
1.7 1.35
1.71 1.36
1.69 1.36
1.69 1.34
1.71 1.34
1.71 1.32
1.72 1.33
1.7 1.33
1.7 1.31
1.72 1.31
0.18 0.57
0.19 0.58
0.17 0.58
0.17 0.56
0.19 0.56
0.18 0.56
0.19 0.57
0.17 0.57
0.17 0.55
0.19 0.55
0.19 0.52
0.2 0.53
0.18 0.53
0.18 0.51
0.2 0.51
0.2 0.47
0.21 0.48
0.19 0.48
0.19 0.46
0.21 0.46
0.21 0.46
0.22 0.47
0.2 0.47
0.2 0.45
0.22 0.45
0.22 0.44
0.23 0.45
0.21 0.45
0.21 0.43
0.23 0.43
0.27 0.39
0.28 0.4
0.26 0.4
0.26 0.38
0.28 0.38
0.29 0.38
0.3 0.39
0.28 0.39
0.28 0.37
0.3 0.37
0.34 0.36
0.35 0.37
0.33 0.37
0.33 0.35
0.35 0.35
0.35 0.36
0.36 0.37
0.34 0.37
0.34 0.35
0.36 0.35
0.45 0.33
0.46 0.34
0.44 0.34
0.44 0.32
0.46 0.32
0.4 0.32
0.41 0.33
0.39 0.33
0.39 0.31
0.41 0.31
0.48 0.33
0.49 0.34
0.47 0.34
0.47 0.32
0.49 0.32
0.48 0.33
0.49 0.34
0.47 0.34
0.47 0.32
0.49 0.32
0.54 0.32
0.55 0.33
0.53 0.33
0.53 0.31
0.55 0.31
0.56 0.32
0.57 0.33
0.55 0.33
0.55 0.31
0.57 0.31
0.63 0.32
0.64 0.33
0.62 0.33
0.62 0.31
0.64 0.31
0.68 0.32
0.69 0.33
0.67 0.33
0.67 0.31
0.69 0.31
0.69 0.32
0.7 0.33
0.68 0.33
0.68 0.31
0.7 0.31
0.73 0.32
0.74 0.33
0.72 0.33
0.72 0.31
0.74 0.31
0.77 0.32
0.78 0.33
0.76 0.33
0.76 0.31
0.78 0.31
0.78 0.33
0.79 0.34
0.77 0.34
0.77 0.32
0.79 0.32
0.8 0.35
0.81 0.36
0.79 0.36
0.79 0.34
0.81 0.34
0.84 0.41
0.85 0.42
0.83 0.42
0.83 0.4
0.85 0.4
0.86 0.43
0.87 0.44
0.85 0.44
0.85 0.42
0.87 0.42
0.89 0.45
0.9 0.46
0.88 0.46
0.88 0.44
0.9 0.44
0.9 0.48
0.91 0.49
0.89 0.49
0.89 0.47
0.91 0.47
0.92 0.51
0.93 0.52
0.91 0.52
0.91 0.5
0.93 0.5
0.93 0.54
0.94 0.55
0.92 0.55
0.92 0.53
0.94 0.53
0.95 0.59
0.96 0.6
0.94 0.6
0.94 0.58
0.96 0.58
0.95 0.61
0.96 0.62
0.94 0.62
0.94 0.6
0.96 0.6
0.96 0.64
0.97 0.65
0.95 0.65
0.95 0.63
0.97 0.63
0.98 0.67
0.99 0.68
0.97 0.68
0.97 0.66
0.99 0.66
0.99 0.69
1.0 0.7
0.98 0.7
0.98 0.68
1.0 0.68
1.01 0.74
1.02 0.75
1.0 0.75
1.0 0.73
1.02 0.73
1.01 0.75
1.02 0.76
1.0 0.76
1.0 0.74
1.02 0.74
1.02 0.8
1.03 0.81
1.01 0.81
1.01 0.79
1.03 0.79
1.02 0.82
1.03 0.83
1.01 0.83
1.01 0.81
1.03 0.81
1.04 0.89
1.05 0.9
1.03 0.9
1.03 0.88
1.05 0.88
1.04 0.88
1.05 0.89
1.03 0.89
1.03 0.87
1.05 0.87
1.04 0.9
1.05 0.91
1.03 0.91
1.03 0.89
1.05 0.89
1.05 0.95
1.06 0.96
1.04 0.96
1.04 0.94
1.06 0.94
1.06 0.99
1.07 1.0
1.05 1.0
1.05 0.98
1.07 0.98
1.07 1.02
1.08 1.03
1.06 1.03
1.06 1.01
1.08 1.01
1.07 1.04
1.08 1.05
1.06 1.05
1.06 1.03
1.08 1.03
1.07 1.06
1.08 1.07
1.06 1.07
1.06 1.05
1.08 1.05
1.07 1.1
1.08 1.11
1.06 1.11
1.06 1.09
1.08 1.09
1.07 1.12
1.08 1.13
1.06 1.13
1.06 1.11
1.08 1.11
1.07 1.16
1.08 1.17
1.06 1.17
1.06 1.15
1.08 1.15
1.06 1.2
1.07 1.21
1.05 1.21
1.05 1.19
1.07 1.19
1.06 1.23
1.07 1.24
1.05 1.24
1.05 1.22
1.07 1.22
1.06 1.23
1.07 1.24
1.05 1.24
1.05 1.22
1.07 1.22
1.04 1.26
1.05 1.27
1.03 1.27
1.03 1.25
1.05 1.25
1.03 1.26
1.04 1.27
1.02 1.27
1.02 1.25
1.04 1.25
0.97 1.28
0.98 1.29
0.96 1.29
0.96 1.27
0.98 1.27
0.95 1.28
0.96 1.29
0.94 1.29
0.94 1.27
0.96 1.27
0.93 1.28
0.94 1.29
0.92 1.29
0.92 1.27
0.94 1.27
0.91 1.28
0.92 1.29
0.9 1.29
0.9 1.27
0.92 1.27
0.91 1.28
0.92 1.29
0.9 1.29
0.9 1.27
0.92 1.27
